%YAML 1.0
---
model_type: PINHOLE
camera_name: camera
image_width: 1280
image_height: 720
distortion_parameters:
   k1: 0 
   k2: 0 
   p1: 0 
   p2: 0
projection_parameters:
   cx: 641.830078125
   cy: 365.755981445312
   fx: 643.586181640625
   fy: 642.72314453125
# Unused parameters, not implemented:
inverse_brown_conrady_coeffs:
   k1: -0.0563112646341324
   k2: 0.067516140639782
   k3: -0.000693127105478197
   p1: 0.000673658214509487
   p2: -0.0216354988515377  