%YAML 1.0
---
model_type: PINHOLE
camera_name: camera
image_width: 1280
image_height: 720
distortion_parameters:
   k1: 0
   k2: 0
   p1: 0
   p2: 0
projection_parameters:
   cx: 641.709594726562
   cy: 364.882781982422
   fx: 642.937133789062
   fy: 642.006896972656
# Unused parameters, not implemented:
inverse_brown_conrady_coeffs:
   k1: -0.0577425919473171 
   k2: 0.0670331344008446 
   k3: -7.69356338423677e-05
   p1: 0.00124587875325233
   p2: -0.0215928014367819  