%YAML 1.0
---
model_type: MEI
camera_name: camera
image_width: 1280
image_height: 720
mirror_parameters:
   xi: 0.07765731386351135
distortion_parameters:
   k1: -0.020924052063891238
   k2: 0.04467680392951839
   p1: -0.001046146050946786
   p2: 0.00543221683340769
projection_parameters:
   gamma1: 686.0087277482962
   gamma2: 683.8651688648636
   u0: 650.2197830840804
   v0: 365.50229616216455
