%YAML 1.0
---
model_type: PINHOLE
camera_name: camera
image_width: 1280
image_height: 720
distortion_parameters:
   k1: 0.0
   k2: 0.0
   p1: 0.0
   p2: 0.0
projection_parameters:
   fx: 654.657531738281
   fy: 654.657531738281
   cx: 657.004150390625
   cy: 362.733123779297

