cam0:
  T_cam_imu:
  - [0.9998881971065757, 0.00201730509346202, -0.01481633446982702, -0.02423124076951245]
  - [-0.001933214576940399, 0.9999819564462106, 0.0056876588689046175, 0.010633379392647007]
  - [0.014827540873705162, -0.005658379818412368, 0.9998740554537204, -0.036029836477479184]
  - [0.0, 0.0, 0.0, 1.0]
  cam_overlaps: []
  camera_model: omni
  distortion_coeffs: [0.0649005028235668, 0.09921354354868912, -0.004617664867127865, 0.0036846842995509103]
  distortion_model: radtan
  intrinsics: [0.25564331519861133, 799.2271763757009, 797.6356951190162, 644.7422210032443, 361.1091447250446]
  resolution: [1280, 720]
  rostopic: /cam_base/color/image_raw
  timeshift_cam_imu: 0.00022326806147822398
