%YAML 1.0
---
model_type: PINHOLE
camera_name: camera
image_width: 1280
image_height: 800
distortion_parameters:
   k1: 0.0
   k2: 0.0
   p1: 0.0
   p2: 0.0
projection_parameters:
   fx: 641.824462890625
   fy: 641.824462890625
   cx: 635.150268554688
   cy: 399.642364501953