%YAML:1.0
---
model_type: PINHOLE
camera_name: camera
image_width: 1280
image_height: 720
# calibrated with cam_imu on [5_DEMO_14_2023-02-03]
distortion_parameters:
    k1:  0.05846473876757286 
    k2: -0.11619235455145874 
    p1: -0.009113065947159856 
    p2:  0.000422478882918157
projection_parameters:
    fx: 839.7032036365418
    fy: 835.2855838968724
    cx: 697.8696218758661
    cy: 373.36166812061487

####### L515 #######
# distortion_model: "plumb_bob"
# D: [0.16681678593158722, -0.515194833278656, -0.0029630311764776707, 0.0005931710475124419, 0.47206392884254456]
# For "plumb_bob", the 5 parameters are: (k1, k2, t1, t2, k3).

# K: [905.930419921875, 0.0, 652.3206176757812, 0.0, 905.91552734375, 350.43377685546875, 0.0, 0.0, 1.0]
#     [fx  0 cx]
# K = [ 0 fy cy]
#     [ 0  0  1]

# float64[9]  R # 3x3 row-major matrix
# R: [1.0, 0.0, 0.0, 0.0, 1.0, 0.0, 0.0, 0.0, 1.0]
# Rectification matrix (stereo cameras only)
# A rotation matrix aligning the camera coordinate system to the ideal
# stereo image plane so that epipolar lines in both stereo images are
# parallel.

# P: [905.930419921875, 0.0, 652.3206176757812, 0.0, 0.0, 905.91552734375, 350.43377685546875, 0.0, 0.0, 0.0, 1.0, 0.0]
# Projection/camera matrix
#     [fx'  0  cx' Tx]
# P = [ 0  fy' cy' Ty]
#     [ 0   0   1   0]


# Given a 3D point [X Y Z]', the projection (x, y) of the point onto
#  the rectified image is given by:
#  [u v w]' = P * [X Y Z 1]'
#         x = u / w
#         y = v / w
#  This holds for both images of a stereo pair.
# binning_x: 0
# refer to http://docs.ros.org/en/noetic/api/sensor_msgs/html/msg/CameraInfo.html